CEPEL - CENTRO DE PESQUISAS DE ENERGIA ELETRICA - PROGRAMA DE ANALISE DE REDES - V12.00.01                                 PAG.   1

 IEEE/RTS-SISTEMA TESTE  DO IEEE-118 BARRAS                                      
 RELATORIO DE DADOS DE BARRA CA

 X------------------X-------------X----------------------------X-------X-----------------------X---------------X-------X---X---X---------------------------------------X
      BARRA            BARRA              TENSAO          GRUPO  GER MW         GER Mvar             CARGA       SHUNT      BMP AG1 AG2 AG3 AG4 AG5 AG6 AG7 AG8 AG9 A10
  NUM.      NOME     TP ARE CONTR   MOD   ANG   ESPEC CNT B  L   ATUAL     MIN   ATUAL     MAX      MW    Mvar    Mvar  EST TIP GRP GRP GRP GRP GRP GRP GRP GRP GRP GRP
 X-----X------------X--X---X------X-----X------X-----X---X--X--X-------X-------X-------X-------X-------X-------X-------X---X---X---X---X---X---X---X---X---X---X---X---X

      1 Riversde--V2  1   1      1 0.955   10.7 0.955 LOC  0  0     0.0    -5.0     0.0    15.0    51.0    27.0     0.0 LIG                                            
      2 Pokagon---V2  0   1      0 0.971   11.2            0  0     0.0     0.0     0.0     0.0    20.0     9.0     0.0 LIG                                            
      3 HickryCk--V2  0   1      0 0.968   11.6            0  0     0.0     0.0     0.0     0.0    39.0    10.0     0.0 LIG                                            
      4 NwCarlsl--V2  1   1      4 0.998   15.3 0.998 LOC  0  0    -9.0  -300.0     0.0   300.0    30.0    12.0     0.0 LIG                                            
      5 Olive-----V2  0   1      0 1.002   15.7            0  0     0.0     0.0     0.0     0.0     0.0     0.0   -40.0 LIG                                            
      6 Kankakee--V2  1   1      6 0.990   13.0 0.990 LOC  0  0     0.0   -13.0     0.0    50.0    52.0    22.0     0.0 LIG                                            
      7 JacksnRd--V2  0   1      0 0.989   12.6            0  0     0.0     0.0     0.0     0.0    19.0     2.0     0.0 LIG                                            
      8 Olive-----V1  1   1      8 1.015   20.8 1.015 LOC  0  0   -28.0  -300.0     0.0   300.0     0.0     0.0     0.0 LIG                                            
      9 Bequine---V1  0   1      0 1.043   28.0            0  0     0.0     0.0     0.0     0.0     0.0     0.0     0.0 LIG                                            
     10 Breed-----V1  1   1     10 1.050   35.6 1.050 LOC  0  0   450.0  -147.0     0.0   200.0     0.0     0.0     0.0 LIG                                            
     11 SouthBnd--V2  0   1      0 0.985   12.7            0  0     0.0     0.0     0.0     0.0    70.0    23.0     0.0 LIG                                            
     12 TwinBrch--V2  1   1     12 0.990   12.2 0.990 LOC  0  0    85.0   -35.0     0.0   120.0    47.0    10.0     0.0 LIG                                            
     13 Concord---V2  0   1      0 0.968   11.4            0  0     0.0     0.0     0.0     0.0    34.0    16.0     0.0 LIG                                            
     14 GoshenJt--V2  0   1      0 0.984   11.5            0  0     0.0     0.0     0.0     0.0    14.0     1.0     0.0 LIG                                            
     15 FtWayne---V2  1   1     15 0.970   11.2 0.970 LOC  0  0     0.0   -10.0     0.0    30.0    90.0    30.0     0.0 LIG                                            
     16 N.E.------V2  0   1      0 0.984   11.9            0  0     0.0     0.0     0.0     0.0    25.0    10.0     0.0 LIG                                            
     17 Sorenson--V2  0   1      0 0.995   13.7            0  0     0.0     0.0     0.0     0.0    11.0     3.0     0.0 LIG                                            
     18 McKinley--V2  1   1     18 0.973   11.5 0.973 LOC  0  0     0.0   -16.0     0.0    50.0    60.0    34.0     0.0 LIG                                            
     19 Lincoln---V2  1   1     19 0.963   11.1 0.963 LOC  0  0     0.0    -8.0     0.0    24.0    45.0    25.0     0.0 LIG                                            
     20 Adams-----V2  0   1      0 0.958   11.9            0  0     0.0     0.0     0.0     0.0    18.0     3.0     0.0 LIG                                            
     21 Jay-------V2  0   1      0 0.959   13.5            0  0     0.0     0.0     0.0     0.0    14.0     8.0     0.0 LIG                                            
     22 Randolph--V2  0   1      0 0.970   16.1            0  0     0.0     0.0     0.0     0.0    10.0     5.0     0.0 LIG                                            
     23 CollCrnr--V2  0   1      0 1.000   21.0            0  0     0.0     0.0     0.0     0.0     7.0     3.0     0.0 LIG                                            
     24 Trenton---V2  1   1     24 0.992   20.9 0.992 LOC  0  0   -13.0  -300.0     0.0   300.0     0.0     0.0     0.0 LIG                                            
     25 TannrsCk--V2  1   1     25 1.050   27.9 1.050 LOC  0  0   220.0   -47.0     0.0   140.0     0.0     0.0     0.0 LIG                                            
     26 TannrsCk--V1  1   1     26 1.015   29.7 1.015 LOC  0  0   314.0 -1000.0     0.0  1000.0     0.0     0.0     0.0 LIG                                            
     27 Madison---V2  1   1     27 0.968   15.4 0.968 LOC  0  0    -9.0  -300.0     0.0   300.0    62.0    13.0     0.0 LIG                                            
     28 Mullin----V2  0   1      0 0.962   13.6            0  0     0.0     0.0     0.0     0.0    17.0     7.0     0.0 LIG                                            
     29 Grant-----V2  0   1      0 0.963   12.6            0  0     0.0     0.0     0.0     0.0    24.0     4.0     0.0 LIG                                            
     30 Sorenson--V1  0   1      0 0.968   18.8            0  0     0.0     0.0     0.0     0.0     0.0     0.0     0.0 LIG                                            
     31 DeerCrk---V2  1   1     31 0.967   12.8 0.967 LOC  0  0     7.0  -300.0     0.0   300.0    43.0    27.0     0.0 LIG                                            
     32 Delaware--V2  1   1     32 0.964   14.8 0.964 LOC  0  0     0.0   -14.0     0.0    42.0    59.0    23.0     0.0 LIG                                            
     33 Haviland--V2  0   1      0 0.972   10.6            0  0     0.0     0.0     0.0     0.0    23.0     9.0     0.0 LIG                                            
     34 Rockhill--V2  1   1     34 0.986   11.3 0.986 LOC  0  0     0.0    -8.0     0.0    24.0    59.0    26.0    14.0 LIG                                            
     35 WestLima--V2  0   1      0 0.981   10.9            0  0     0.0     0.0     0.0     0.0    33.0     9.0     0.0 LIG                                            
     36 Sterling--V2  1   1     36 0.980   10.9 0.980 LOC  0  0     0.0    -8.0     0.0    24.0    31.0    17.0     0.0 LIG                                            
     37 EastLima--V2  0   1      0 0.992   11.8            0  0     0.0     0.0     0.0     0.0     0.0     0.0   -25.0 LIG                                            
     38 EastLima--V1  0   1      0 0.962   16.9            0  0     0.0     0.0     0.0     0.0     0.0     0.0     0.0 LIG                                            
     39 NwLibrty--V2  0   1      0 0.970    8.4            0  0     0.0     0.0     0.0     0.0    27.0    11.0     0.0 LIG                                            
     40 WestEnd---V2  1   1     40 0.970    7.4 0.970 LOC  0  0   -46.0  -300.0     0.0   300.0    20.0    23.0     0.0 LIG                                            
     41 S.Tiffin--V2  0   1      0 0.967    6.9            0  0     0.0     0.0     0.0     0.0    37.0    10.0     0.0 LIG                                            
     42 Howard----V2  1   1     42 0.985    8.5 0.985 LOC  0  0   -59.0  -300.0     0.0   300.0    37.0    23.0     0.0 LIG                                            
     43 S.Kenton--V2  0   1      0 0.978   11.3            0  0     0.0     0.0     0.0     0.0    18.0     7.0     0.0 LIG                                            
     44 WMVernon--V2  0   1      0 0.985   13.8            0  0     0.0     0.0     0.0     0.0    16.0     8.0    10.0 LIG                                            
     45 N.Newark--V2  0   1      0 0.987   15.7            0  0     0.0     0.0     0.0     0.0    53.0    22.0    10.0 LIG                                            
     46 W.Lancst--V2  1   1     46 1.005   18.5 1.005 LOC  0  0    19.0  -100.0     0.0   100.0    28.0    10.0    10.0 LIG                                            
     47 Crooksvl--V2  0   1      0 1.017   20.7            0  0     0.0     0.0     0.0     0.0    34.0     0.0     0.0 LIG                                            
     48 Zanesvll--V2  0   1      0 1.021   19.9            0  0     0.0     0.0     0.0     0.0    20.0    11.0    15.0 LIG                                            
     49 Philo-----V2  1   1     49 1.025   20.9 1.025 LOC  0  0   204.0   -85.0     0.0   210.0    87.0    30.0     0.0 LIG                                            
     50 WCambrdg--V2  0   1      0 1.001   18.9            0  0     0.0     0.0     0.0     0.0    17.0     4.0     0.0 LIG                                            
     51 Newcmrst--V2  0   1      0 0.967   16.3            0  0     0.0     0.0     0.0     0.0    17.0     8.0     0.0 LIG                                            
     52 SCoshoct--V2  0   1      0 0.957   15.3            0  0     0.0     0.0     0.0     0.0    18.0     5.0     0.0 LIG                                            
     53 Wooster---V2  0   1      0 0.946   14.4            0  0     0.0     0.0     0.0     0.0    23.0    11.0     0.0 LIG                                            
     54 Torrey----V2  1   1     54 0.955   15.3 0.955 LOC  0  0    48.0  -300.0     0.0   300.0   113.0    32.0     0.0 LIG                                            
     55 Wagenhls--V2  1   1     55 0.952   15.0 0.952 LOC  0  0     0.0    -8.0     0.0    23.0    63.0    22.0     0.0 LIG                                            
     56 Sunnysde--V2  1   1     56 0.954   15.2 0.954 LOC  0  0     0.0    -8.0     0.0    15.0    84.0    18.0     0.0 LIG                                            
     57 WNwPhil1--V2  0   1      0 0.971   16.4            0  0     0.0     0.0     0.0     0.0    12.0     3.0     0.0 LIG                                            
     58 WNwPhil2--V2  0   1      0 0.959   15.5            0  0     0.0     0.0     0.0     0.0    12.0     3.0     0.0 LIG                                            
     59 Tidd------V2  1   1     59 0.985   19.4 0.985 LOC  0  0   155.0   -60.0     0.0   180.0   277.0   113.0     0.0 LIG                                            
     60 SWKammer--V2  0   1      0 0.993   23.2            0  0     0.0     0.0     0.0     0.0    78.0     3.0     0.0 LIG                                            
     61 W.Kammer--V2  1   1     61 0.995   24.0 0.995 LOC  0  0   160.0  -100.0     0.0   300.0     0.0     0.0     0.0 LIG                                            
     62 Natrium---V2  1   1     62 0.998   23.4 0.998 LOC  0  0     0.0   -20.0     0.0    20.0    77.0    14.0     0.0 LIG                                            
     63 Tidd------V1  0   1      0 0.969   22.8            0  0     0.0     0.0     0.0     0.0     0.0     0.0     0.0 LIG                                            
     64 Kammer----V1  0   1      0 0.984   24.5            0  0     0.0     0.0     0.0     0.0     0.0     0.0     0.0 LIG                                            
     65 Muskngum--V1  1   1     65 1.005   27.7 1.005 LOC  0  0   391.0   -67.0     0.0   200.0     0.0     0.0     0.0 LIG                                            
     66 Muskngum--V2  1   1     66 1.050   27.5 1.050 LOC  0  0   392.0   -67.0     0.0   200.0    39.0    18.0     0.0 LIG                                            
     67 Summerfl--V2  0   1      0 1.020   24.8            0  0     0.0     0.0     0.0     0.0    28.0     7.0     0.0 LIG                                            
     68 Sporn-----V1  0   1      0 1.003   27.6            0  0     0.0     0.0     0.0     0.0     0.0     0.0     0.0 LIG                                            
     69 Sporn-----V2  2   1     69 1.035   30.0 1.035 LOC  0  0   516.4  -300.0     0.0   300.0     0.0     0.0     0.0 LIG                                            
     70 Portsmth--V2  1   1     70 0.984   22.6 0.984 LOC  0  0     0.0   -10.0     0.0    32.0    66.0    20.0     0.0 LIG                                            
     71 NPortsmt--V2  0   1      0 0.987   22.2            0  0     0.0     0.0     0.0     0.0     0.0     0.0     0.0 LIG                                            
     72 Hillsbro--V2  1   1     72 0.980   21.0 0.980 LOC  0  0   -12.0  -100.0     0.0   100.0     0.0     0.0     0.0 LIG                                            
     73 Sargents--V2  1   1     73 0.991   21.9 0.991 LOC  0  0    -6.0  -100.0     0.0   100.0     0.0     0.0     0.0 LIG                                            
     74 Bellefnt--V2  1   1     74 0.958   21.6 0.958 LOC  0  0     0.0    -6.0     0.0     9.0    68.0    27.0    12.0 LIG                                            
     75 SthPoint--V2  0   1      0 0.967   22.9            0  0     0.0     0.0     0.0     0.0    47.0    11.0     0.0 LIG                                            
     76 Darrah----V2  1   1     76 0.943   21.8 0.943 LOC  0  0     0.0    -8.0     0.0    23.0    68.0    36.0     0.0 LIG                                            
     77 Turner----V2  1   1     77 1.006   26.7 1.006 LOC  0  0     0.0   -20.0     0.0    70.0    61.0    28.0     0.0 LIG                                            
     78 Chemical--V2  0   1      0 1.003   26.4            0  0     0.0     0.0     0.0     0.0    71.0    26.0     0.0 LIG                                            
     79 CapitlHl--V2  0   1      0 1.009   26.7            0  0     0.0     0.0     0.0     0.0    39.0    32.0    20.0 LIG                                            
     80 CabinCrk--V2  1   1     80 1.040   29.0 1.040 LOC  0  0   477.0  -165.0     0.0   280.0   130.0    26.0     0.0 LIG                                            
     81 Kanawha---V1  0   1      0 0.997   28.1            0  0     0.0     0.0     0.0     0.0     0.0     0.0     0.0 LIG                                            
     82 Logan-----V2  0   1      0 0.989   27.2            0  0     0.0     0.0     0.0     0.0    54.0    27.0    20.0 LIG                                            
     83 Sprigg----V2  0   1      0 0.985   28.4            0  0     0.0     0.0     0.0     0.0    20.0    10.0    10.0 LIG                                            
     84 BetsyLne--V2  0   1      0 0.980   31.0            0  0     0.0     0.0     0.0     0.0    11.0     7.0     0.0 LIG                                            
     85 BeaverCk--V2  1   1     85 0.985   32.5 0.985 LOC  0  0     0.0    -8.0     0.0    23.0    24.0    15.0     0.0 LIG                                            
     86 Hazard----V2  0   1      0 0.987   31.1            0  0     0.0     0.0     0.0     0.0    21.0    10.0     0.0 LIG                                            
     87 Pinevlle--V3  1   1     87 1.015   31.4 1.015 LOC  0  0     4.0  -100.0     0.0  1000.0     0.0     0.0     0.0 LIG                                            
     88 Fremont---V2  0   1      0 0.987   35.6            0  0     0.0     0.0     0.0     0.0    48.0    10.0     0.0 LIG                                            
     89 ClinchRv--V2  1   1     89 1.005   39.7 1.005 LOC  0  0   607.0  -210.0     0.0   300.0     0.0     0.0     0.0 LIG                                            
     90 Holston---V2  1   1     90 0.985   33.3 0.985 LOC  0  0   -85.0  -300.0     0.0   300.0    78.0    42.0     0.0 LIG                                            
     91 HolstonT--V2  1   1     91 0.980   33.3 0.980 LOC  0  0   -10.0  -100.0     0.0   100.0     0.0     0.0     0.0 LIG                                            
     92 Saltvlle--V2  1   1     92 0.993   33.8 0.993 LOC  0  0     0.0    -3.0     0.0     9.0    65.0    10.0     0.0 LIG                                            
     93 Tazewell--V2  0   1      0 0.987   30.8            0  0     0.0     0.0     0.0     0.0    12.0     7.0     0.0 LIG                                            
     94 Switchbk--V2  0   1      0 0.991   28.6            0  0     0.0     0.0     0.0     0.0    30.0    16.0     0.0 LIG                                            
     95 Caldwell--V2  0   1      0 0.981   27.7            0  0     0.0     0.0     0.0     0.0    42.0    31.0     0.0 LIG                                            
     96 Baileysv--V2  0   1      0 0.993   27.5            0  0     0.0     0.0     0.0     0.0    38.0    15.0     0.0 LIG                                            
     97 Sundial---V2  0   1      0 1.011   27.9            0  0     0.0     0.0     0.0     0.0    15.0     9.0     0.0 LIG                                            
     98 Bradley---V2  0   1      0 1.024   27.4            0  0     0.0     0.0     0.0     0.0    34.0     8.0     0.0 LIG                                            
     99 Hinton----V2  1   1     99 1.010   27.0 1.010 LOC  0  0   -42.0  -100.0     0.0   100.0     0.0     0.0     0.0 LIG                                            
    100 GlenLyn---V2  1   1    100 1.017   28.0 1.017 LOC  0  0   252.0   -50.0     0.0   155.0    37.0    18.0     0.0 LIG                                            
    101 Wythe-----V2  0   1      0 0.993   29.6            0  0     0.0     0.0     0.0     0.0    22.0    15.0     0.0 LIG                                            
    102 Smythe----V2  0   1      0 0.991   32.3            0  0     0.0     0.0     0.0     0.0     5.0     3.0     0.0 LIG                                            
    103 Claytor---V2  1   1    103 1.001   24.4 1.001 LOC  0  0    40.0   -15.0     0.0    40.0    23.0    16.0     0.0 LIG                                            
    104 Hancock---V2  1   1    104 0.971   21.7 0.971 LOC  0  0     0.0    -8.0     0.0    23.0    38.0    25.0     0.0 LIG                                            
    105 Roanoke---V2  1   1    105 0.965   20.6 0.965 LOC  0  0     0.0    -8.0     0.0    23.0    31.0    26.0    20.0 LIG                                            
    106 Cloverdl--V2  0   1      0 0.962   20.3            0  0     0.0     0.0     0.0     0.0    43.0    16.0     0.0 LIG                                            
    107 Reusens---V2  1   1    107 0.952   17.5 0.952 LOC  0  0   -22.0  -200.0     0.0   200.0    28.0    12.0     6.0 LIG                                            
    108 Blaine----V2  0   1      0 0.967   19.4            0  0     0.0     0.0     0.0     0.0     2.0     1.0     0.0 LIG                                            
    109 Franklin--V2  0   1      0 0.967   18.9            0  0     0.0     0.0     0.0     0.0     8.0     3.0     0.0 LIG                                            
    110 Fieldale--V2  1   1    110 0.973   18.1 0.973 LOC  0  0     0.0    -8.0     0.0    23.0    39.0    30.0     6.0 LIG                                            
    111 DanRiver--V2  1   1    111 0.980   19.7 0.980 LOC  0  0    36.0  -100.0     0.0  1000.0     0.0     0.0     0.0 LIG                                            
    112 Danville--V2  1   1    112 0.975   15.0 0.975 LOC  0  0   -43.0  -100.0     0.0  1000.0    25.0    13.0     0.0 LIG                                            
    113 DeerCrk---V2  1   1    113 0.993   13.7 0.993 LOC  0  0    -6.0  -100.0     0.0   200.0     0.0     0.0     0.0 LIG                                            
    114 WMedford--V2  0   1      0 0.960   14.5            0  0     0.0     0.0     0.0     0.0     8.0     3.0     0.0 LIG                                            
    115 Medford---V2  0   1      0 0.960   14.5            0  0     0.0     0.0     0.0     0.0    22.0     7.0     0.0 LIG                                            
    116 KygerCrk--V2  1   1    116 1.005   27.1 1.005 LOC  0  0  -184.0 -1000.0     0.0  1000.0     0.0     0.0     0.0 LIG                                            
    117 Corey-----V2  0   1      0 0.974   10.7            0  0     0.0     0.0     0.0     0.0    20.0     8.0     0.0 LIG                                            
    118 WHuntngd--V2  0   1      0 0.949   21.9            0  0     0.0     0.0     0.0     0.0    33.0    15.0     0.0 LIG                                            
CEPEL - CENTRO DE PESQUISAS DE ENERGIA ELETRICA - PROGRAMA DE ANALISE DE REDES - V12.00.01                                 PAG.   7

 IEEE/RTS-SISTEMA TESTE  DO IEEE-118 BARRAS                                      
 RELATORIO DE DADOS DE CIRCUITO CA

 X--------------X-----------X-----X-----------------------X-----------------------------------X--------------------X-------------------------X---------------------------------------X-------X
     BARRA          ESTADO   BARRA  RESIST  REATAN  SUSCEP         T A P         ANG  BARRA           (MVA)               IDENTIFICACAO       AG1 AG2 AG3 AG4 AG5 AG6 AG7 AG8 AG9 A10 Unidade
   DE   PARA  NC CIR DE PARA PROP.   (%)     (%)   (Mvar)   ATUAL   MIN    MAX  DEFAS CONTR. M NORMAL EMERG. EQUIP.   DA BARRA    PARA BARRA  GRP GRP GRP GRP GRP GRP GRP GRP GRP GRP Max Ope
 X-----X-----X--X---X---X---X-----X-------X-------X-------X------X------X------X-----X------X-X------X------X------X------------X------------X---X---X---X---X---X---X---X---X---X---X---X---X

      1     2  1 Lig Lig Lig     1    3.03    9.99   2.540                                     9999.0 9999.0 9999.0 Riversde--V2 Pokagon---V2                                                
      1     3  1 Lig Lig Lig     1    1.29    4.24   1.082                                     9999.0 9999.0 9999.0 Riversde--V2 HickryCk--V2                                                
      2    12  1 Lig Lig Lig     2    1.87    6.16   1.572                                     9999.0 9999.0 9999.0 Pokagon---V2 TwinBrch--V2                                                
      3     5  1 Lig Lig Lig     3    2.41   10.80   2.840                                     9999.0 9999.0 9999.0 HickryCk--V2 Olive-----V2                                                
      3    12  1 Lig Lig Lig     3    4.84   16.00   4.060                                     9999.0 9999.0 9999.0 HickryCk--V2 TwinBrch--V2                                                
      4     5  1 Lig Lig Lig     4    0.18    0.80   0.210                                     9999.0 9999.0 9999.0 NwCarlsl--V2 Olive-----V2                                                
      4    11  1 Lig Lig Lig     4    2.09    6.88   1.748                                     9999.0 9999.0 9999.0 NwCarlsl--V2 SouthBnd--V2                                                
      5     6  1 Lig Lig Lig     5    1.19    5.40   1.426                                     9999.0 9999.0 9999.0 Olive-----V2 Kankakee--V2                                                
      5    11  1 Lig Lig Lig     5    2.03    6.82   1.738                                     9999.0 9999.0 9999.0 Olive-----V2 SouthBnd--V2                                                
      6     7  1 Lig Lig Lig     6    0.46    2.08   0.550                                     9999.0 9999.0 9999.0 Kankakee--V2 JacksnRd--V2                                                
      7    12  1 Lig Lig Lig     7    0.86    3.40   0.874                                     9999.0 9999.0 9999.0 JacksnRd--V2 TwinBrch--V2                                                
      8     5  1 Lig Lig Lig     8    0.00    2.67   0.000  0.985                              9999.0 9999.0 9999.0 Olive-----V1 Olive-----V2                                           1   1
      8     9  1 Lig Lig Lig     8    0.24    3.05 116.200                                     9999.0 9999.0 9999.0 Olive-----V1 Bequine---V1                                                
      8    30  1 Lig Lig Lig     8    0.43    5.04  51.400                                     9999.0 9999.0 9999.0 Olive-----V1 Sorenson--V1                                                
      9    10  1 Lig Lig Lig     9    0.26    3.22 123.000                                     9999.0 9999.0 9999.0 Bequine---V1 Breed-----V1                                                
     11    12  1 Lig Lig Lig    11    0.59    1.96   0.502                                     9999.0 9999.0 9999.0 SouthBnd--V2 TwinBrch--V2                                                
     11    13  1 Lig Lig Lig    11    2.23    7.31   1.876                                     9999.0 9999.0 9999.0 SouthBnd--V2 Concord---V2                                                
     12    14  1 Lig Lig Lig    12    2.15    7.07   1.816                                     9999.0 9999.0 9999.0 TwinBrch--V2 GoshenJt--V2                                                
     12    16  1 Lig Lig Lig    12    2.12    8.34   2.140                                     9999.0 9999.0 9999.0 TwinBrch--V2 N.E.------V2                                                
     12   117  1 Lig Lig Lig    12    3.29   14.00   3.580                                     9999.0 9999.0 9999.0 TwinBrch--V2 Corey-----V2                                                
     13    15  1 Lig Lig Lig    13    7.44   24.44   6.268                                     9999.0 9999.0 9999.0 Concord---V2 FtWayne---V2                                                
     14    15  1 Lig Lig Lig    14    5.95   19.50   5.020                                     9999.0 9999.0 9999.0 GoshenJt--V2 FtWayne---V2                                                
     15    17  1 Lig Lig Lig    15    1.32    4.37   4.440                                     9999.0 9999.0 9999.0 FtWayne---V2 Sorenson--V2                                                
     15    19  1 Lig Lig Lig    15    1.20    3.94   1.010                                     9999.0 9999.0 9999.0 FtWayne---V2 Lincoln---V2                                                
     15    33  1 Lig Lig Lig    15    3.80   12.44   3.194                                     9999.0 9999.0 9999.0 FtWayne---V2 Haviland--V2                                                
     16    17  1 Lig Lig Lig    16    4.54   18.01   4.660                                     9999.0 9999.0 9999.0 N.E.------V2 Sorenson--V2                                                
     17    18  1 Lig Lig Lig    17    1.23    5.05   1.298                                     9999.0 9999.0 9999.0 Sorenson--V2 McKinley--V2                                                
     17    31  1 Lig Lig Lig    17    4.74   15.63   3.990                                     9999.0 9999.0 9999.0 Sorenson--V2 DeerCrk---V2                                                
     17   113  1 Lig Lig Lig    17    0.91    3.01   0.768                                     9999.0 9999.0 9999.0 Sorenson--V2 DeerCrk---V2                                                
     18    19  1 Lig Lig Lig    18    1.12    4.93   1.142                                     9999.0 9999.0 9999.0 McKinley--V2 Lincoln---V2                                                
     19    20  1 Lig Lig Lig    19    2.52   11.70   2.980                                     9999.0 9999.0 9999.0 Lincoln---V2 Adams-----V2                                                
     19    34  1 Lig Lig Lig    19    7.52   24.70   6.320                                     9999.0 9999.0 9999.0 Lincoln---V2 Rockhill--V2                                                
     20    21  1 Lig Lig Lig    20    1.83    8.49   2.160                                     9999.0 9999.0 9999.0 Adams-----V2 Jay-------V2                                                
     21    22  1 Lig Lig Lig    21    2.09    9.70   2.460                                     9999.0 9999.0 9999.0 Jay-------V2 Randolph--V2                                                
     22    23  1 Lig Lig Lig    22    3.42   15.90   4.040                                     9999.0 9999.0 9999.0 Randolph--V2 CollCrnr--V2                                                
     23    24  1 Lig Lig Lig    23    1.35    4.92   4.980                                     9999.0 9999.0 9999.0 CollCrnr--V2 Trenton---V2                                                
     23    25  1 Lig Lig Lig    23    1.56    8.00   8.640                                     9999.0 9999.0 9999.0 CollCrnr--V2 TannrsCk--V2                                                
     23    32  1 Lig Lig Lig    23    3.17   11.53  11.730                                     9999.0 9999.0 9999.0 CollCrnr--V2 Delaware--V2                                                
     24    70  1 Lig Lig Lig    24    0.22   41.15  10.198                                     9999.0 9999.0 9999.0 Trenton---V2 Portsmth--V2                                                
     24    72  1 Lig Lig Lig    24    4.88   19.60   4.880                                     9999.0 9999.0 9999.0 Trenton---V2 Hillsbro--V2                                                
     25    27  1 Lig Lig Lig    25    3.18   16.30  17.640                                     9999.0 9999.0 9999.0 TannrsCk--V2 Madison---V2                                                
     26    25  1 Lig Lig Lig    26    0.00    3.82   0.000  0.960                              9999.0 9999.0 9999.0 TannrsCk--V1 TannrsCk--V2                                           1   1
     26    30  1 Lig Lig Lig    26    0.80    8.60  90.800                                     9999.0 9999.0 9999.0 TannrsCk--V1 Sorenson--V1                                                
     27    28  1 Lig Lig Lig    27    1.91    8.55   2.160                                     9999.0 9999.0 9999.0 Madison---V2 Mullin----V2                                                
     27    32  1 Lig Lig Lig    27    2.29    7.55   1.926                                     9999.0 9999.0 9999.0 Madison---V2 Delaware--V2                                                
     27   115  1 Lig Lig Lig    27    1.64    7.41   1.972                                     9999.0 9999.0 9999.0 Madison---V2 Medford---V2                                                
     28    29  1 Lig Lig Lig    28    2.37    9.43   2.380                                     9999.0 9999.0 9999.0 Mullin----V2 Grant-----V2                                                
     29    31  1 Lig Lig Lig    29    1.08    3.31   0.830                                     9999.0 9999.0 9999.0 Grant-----V2 DeerCrk---V2                                                
     30    17  1 Lig Lig Lig    30    0.00    3.88   0.000  0.960                              9999.0 9999.0 9999.0 Sorenson--V1 Sorenson--V2                                           1   1
     30    38  1 Lig Lig Lig    30    0.46    5.40  42.200                                     9999.0 9999.0 9999.0 Sorenson--V1 EastLima--V1                                                
     31    32  1 Lig Lig Lig    31    2.98    9.85   2.510                                     9999.0 9999.0 9999.0 DeerCrk---V2 Delaware--V2                                                
     32   113  1 Lig Lig Lig    32    6.15   20.30   5.180                                     9999.0 9999.0 9999.0 Delaware--V2 DeerCrk---V2                                                
     32   114  1 Lig Lig Lig    32    1.35    6.12   1.628                                     9999.0 9999.0 9999.0 Delaware--V2 WMedford--V2                                                
     33    37  1 Lig Lig Lig    33    4.15   14.20   3.660                                     9999.0 9999.0 9999.0 Haviland--V2 EastLima--V2                                                
     34    36  1 Lig Lig Lig    34    0.87    2.68   0.568                                     9999.0 9999.0 9999.0 Rockhill--V2 Sterling--V2                                                
     34    37  1 Lig Lig Lig    34    0.26    0.94   0.984                                     9999.0 9999.0 9999.0 Rockhill--V2 EastLima--V2                                                
     34    43  1 Lig Lig Lig    34    4.13   16.81   4.226                                     9999.0 9999.0 9999.0 Rockhill--V2 S.Kenton--V2                                                
     35    36  1 Lig Lig Lig    35    0.22    1.02   0.268                                     9999.0 9999.0 9999.0 WestLima--V2 Sterling--V2                                                
     35    37  1 Lig Lig Lig    35    1.10    4.97   1.318                                     9999.0 9999.0 9999.0 WestLima--V2 EastLima--V2                                                
     37    39  1 Lig Lig Lig    37    3.21   10.60   2.700                                     9999.0 9999.0 9999.0 EastLima--V2 NwLibrty--V2                                                
     37    40  1 Lig Lig Lig    37    5.93   16.80   4.200                                     9999.0 9999.0 9999.0 EastLima--V2 WestEnd---V2                                                
     38    37  1 Lig Lig Lig    38    0.00    3.75   0.000  0.935                              9999.0 9999.0 9999.0 EastLima--V1 EastLima--V2                                           1   1
     38    65  1 Lig Lig Lig    38    0.90    9.86 104.600                                     9999.0 9999.0 9999.0 EastLima--V1 Muskngum--V1                                                
     39    40  1 Lig Lig Lig    39    1.84    6.05   1.552                                     9999.0 9999.0 9999.0 NwLibrty--V2 WestEnd---V2                                                
     40    41  1 Lig Lig Lig    40    1.45    4.87   1.222                                     9999.0 9999.0 9999.0 WestEnd---V2 S.Tiffin--V2                                                
     40    42  1 Lig Lig Lig    40    5.55   18.30   4.660                                     9999.0 9999.0 9999.0 WestEnd---V2 Howard----V2                                                
     41    42  1 Lig Lig Lig    41    4.10   13.50   3.440                                     9999.0 9999.0 9999.0 S.Tiffin--V2 Howard----V2                                                
     42    49  1 Lig Lig Lig    42    7.15   32.30   8.600                                     9999.0 9999.0 9999.0 Howard----V2 Philo-----V2                                                
     42    49  2 Lig Lig Lig    42    7.15   32.30   8.600                                     9999.0 9999.0 9999.0 Howard----V2 Philo-----V2                                                
     43    44  1 Lig Lig Lig    43    6.08   24.54   6.068                                     9999.0 9999.0 9999.0 S.Kenton--V2 WMVernon--V2                                                
     44    45  1 Lig Lig Lig    44    2.24    9.01   2.240                                     9999.0 9999.0 9999.0 WMVernon--V2 N.Newark--V2                                                
     45    46  1 Lig Lig Lig    45    4.00   13.56   3.320                                     9999.0 9999.0 9999.0 N.Newark--V2 W.Lancst--V2                                                
     45    49  1 Lig Lig Lig    45    6.84   18.60   4.440                                     9999.0 9999.0 9999.0 N.Newark--V2 Philo-----V2                                                
     46    47  1 Lig Lig Lig    46    3.80   12.70   3.160                                     9999.0 9999.0 9999.0 W.Lancst--V2 Crooksvl--V2                                                
     46    48  1 Lig Lig Lig    46    6.01   18.90   4.720                                     9999.0 9999.0 9999.0 W.Lancst--V2 Zanesvll--V2                                                
     47    49  1 Lig Lig Lig    47    1.91    6.25   1.604                                     9999.0 9999.0 9999.0 Crooksvl--V2 Philo-----V2                                                
     47    69  1 Lig Lig Lig    47    8.44   27.78   7.092                                     9999.0 9999.0 9999.0 Crooksvl--V2 Sporn-----V2                                                
     48    49  1 Lig Lig Lig    48    1.79    5.05   1.258                                     9999.0 9999.0 9999.0 Zanesvll--V2 Philo-----V2                                                
     49    50  1 Lig Lig Lig    49    2.67    7.52   1.874                                     9999.0 9999.0 9999.0 Philo-----V2 WCambrdg--V2                                                
     49    51  1 Lig Lig Lig    49    4.86   13.70   3.420                                     9999.0 9999.0 9999.0 Philo-----V2 Newcmrst--V2                                                
     49    54  1 Lig Lig Lig    49    7.30   28.90   7.380                                     9999.0 9999.0 9999.0 Philo-----V2 Torrey----V2                                                
     49    54  2 Lig Lig Lig    49    8.69   29.10   7.300                                     9999.0 9999.0 9999.0 Philo-----V2 Torrey----V2                                                
     49    66  1 Lig Lig Lig    49    1.80    9.19   2.480                                     9999.0 9999.0 9999.0 Philo-----V2 Muskngum--V2                                                
     49    66  2 Lig Lig Lig    49    1.80    9.19   2.480                                     9999.0 9999.0 9999.0 Philo-----V2 Muskngum--V2                                                
     49    69  1 Lig Lig Lig    49    9.85   32.40   8.280                                     9999.0 9999.0 9999.0 Philo-----V2 Sporn-----V2                                                
     50    57  1 Lig Lig Lig    50    4.74   13.40   3.320                                     9999.0 9999.0 9999.0 WCambrdg--V2 WNwPhil1--V2                                                
     51    52  1 Lig Lig Lig    51    2.03    5.88   1.396                                     9999.0 9999.0 9999.0 Newcmrst--V2 SCoshoct--V2                                                
     51    58  1 Lig Lig Lig    51    2.55    7.19   1.788                                     9999.0 9999.0 9999.0 Newcmrst--V2 WNwPhil2--V2                                                
     52    53  1 Lig Lig Lig    52    4.05   16.35   4.058                                     9999.0 9999.0 9999.0 SCoshoct--V2 Wooster---V2                                                
     53    54  1 Lig Lig Lig    53    2.63   12.20   3.100                                     9999.0 9999.0 9999.0 Wooster---V2 Torrey----V2                                                
     54    55  1 Lig Lig Lig    54    1.69    7.07   2.020                                     9999.0 9999.0 9999.0 Torrey----V2 Wagenhls--V2                                                
     54    56  1 Lig Lig Lig    54    0.28    0.96   0.732                                     9999.0 9999.0 9999.0 Torrey----V2 Sunnysde--V2                                                
     54    59  1 Lig Lig Lig    54    5.03   22.93   5.980                                     9999.0 9999.0 9999.0 Torrey----V2 Tidd------V2                                                
     55    56  1 Lig Lig Lig    55    0.49    1.51   0.374                                     9999.0 9999.0 9999.0 Wagenhls--V2 Sunnysde--V2                                                
     55    59  1 Lig Lig Lig    55    4.74   21.58   5.646                                     9999.0 9999.0 9999.0 Wagenhls--V2 Tidd------V2                                                
     56    57  1 Lig Lig Lig    56    3.43    9.66   2.420                                     9999.0 9999.0 9999.0 Sunnysde--V2 WNwPhil1--V2                                                
     56    58  1 Lig Lig Lig    56    3.43    9.66   2.420                                     9999.0 9999.0 9999.0 Sunnysde--V2 WNwPhil2--V2                                                
     56    59  1 Lig Lig Lig    56    8.25   25.10   5.690                                     9999.0 9999.0 9999.0 Sunnysde--V2 Tidd------V2                                                
     56    59  2 Lig Lig Lig    56    8.03   23.90   5.360                                     9999.0 9999.0 9999.0 Sunnysde--V2 Tidd------V2                                                
     59    60  1 Lig Lig Lig    59    3.17   14.50   3.760                                     9999.0 9999.0 9999.0 Tidd------V2 SWKammer--V2                                                
     59    61  1 Lig Lig Lig    59    3.28   15.00   3.880                                     9999.0 9999.0 9999.0 Tidd------V2 W.Kammer--V2                                                
     60    61  1 Lig Lig Lig    60    0.26    1.35   1.456                                     9999.0 9999.0 9999.0 SWKammer--V2 W.Kammer--V2                                                
     60    62  1 Lig Lig Lig    60    1.23    5.61   1.468                                     9999.0 9999.0 9999.0 SWKammer--V2 Natrium---V2                                                
     61    62  1 Lig Lig Lig    61    0.82    3.76   0.980                                     9999.0 9999.0 9999.0 W.Kammer--V2 Natrium---V2                                                
     62    66  1 Lig Lig Lig    62    4.82   21.80   5.780                                     9999.0 9999.0 9999.0 Natrium---V2 Muskngum--V2                                                
     62    67  1 Lig Lig Lig    62    2.58   11.70   3.100                                     9999.0 9999.0 9999.0 Natrium---V2 Summerfl--V2                                                
     63    59  1 Lig Lig Lig    63    0.00    3.86   0.000  0.960                              9999.0 9999.0 9999.0 Tidd------V1 Tidd------V2                                           1   1
     63    64  1 Lig Lig Lig    63    0.17    2.00  21.600                                     9999.0 9999.0 9999.0 Tidd------V1 Kammer----V1                                                
     64    61  1 Lig Lig Lig    64    0.00    2.68   0.000  0.985                              9999.0 9999.0 9999.0 Kammer----V1 W.Kammer--V2                                           1   1
     64    65  1 Lig Lig Lig    64    0.27    3.02  38.000                                     9999.0 9999.0 9999.0 Kammer----V1 Muskngum--V1                                                
     65    66  1 Lig Lig Lig    65    0.00    3.70   0.000  0.935                              9999.0 9999.0 9999.0 Muskngum--V1 Muskngum--V2                                           1   1
     65    68  1 Lig Lig Lig    65    0.14    1.60  63.800                                     9999.0 9999.0 9999.0 Muskngum--V1 Sporn-----V1                                                
     66    67  1 Lig Lig Lig    66    2.24   10.15   2.682                                     9999.0 9999.0 9999.0 Muskngum--V2 Summerfl--V2                                                
     68    69  1 Lig Lig Lig    68    0.00    3.70   0.000  0.935                              9999.0 9999.0 9999.0 Sporn-----V1 Sporn-----V2                                           1   1
     68    81  1 Lig Lig Lig    68    0.17    2.02  80.800                                     9999.0 9999.0 9999.0 Sporn-----V1 Kanawha---V1                                                
     68   116  1 Lig Lig Lig    68    0.03    0.41  16.400                                     9999.0 9999.0 9999.0 Sporn-----V1 KygerCrk--V2                                                
     69    70  1 Lig Lig Lig    69    3.00   12.70  12.200                                     9999.0 9999.0 9999.0 Sporn-----V2 Portsmth--V2                                                
     69    75  1 Lig Lig Lig    69    4.05   12.20  12.400                                     9999.0 9999.0 9999.0 Sporn-----V2 SthPoint--V2                                                
     69    77  1 Lig Lig Lig    69    3.09   10.10  10.380                                     9999.0 9999.0 9999.0 Sporn-----V2 Turner----V2                                                
     70    71  1 Lig Lig Lig    70    0.88    3.55   0.878                                     9999.0 9999.0 9999.0 Portsmth--V2 NPortsmt--V2                                                
     70    74  1 Lig Lig Lig    70    4.01   13.23   3.368                                     9999.0 9999.0 9999.0 Portsmth--V2 Bellefnt--V2                                                
     70    75  1 Lig Lig Lig    70    4.28   14.10   3.600                                     9999.0 9999.0 9999.0 Portsmth--V2 SthPoint--V2                                                
     71    72  1 Lig Lig Lig    71    4.46   18.00   4.444                                     9999.0 9999.0 9999.0 NPortsmt--V2 Hillsbro--V2                                                
     71    73  1 Lig Lig Lig    71    0.87    4.54   1.178                                     9999.0 9999.0 9999.0 NPortsmt--V2 Sargents--V2                                                
     74    75  1 Lig Lig Lig    74    1.23    4.06   1.034                                     9999.0 9999.0 9999.0 Bellefnt--V2 SthPoint--V2                                                
     75    77  1 Lig Lig Lig    75    6.01   19.99   4.978                                     9999.0 9999.0 9999.0 SthPoint--V2 Turner----V2                                                
     75   118  1 Lig Lig Lig    75    1.45    4.81   1.198                                     9999.0 9999.0 9999.0 SthPoint--V2 WHuntngd--V2                                                
     76    77  1 Lig Lig Lig    76    4.44   14.80   3.680                                     9999.0 9999.0 9999.0 Darrah----V2 Turner----V2                                                
     76   118  1 Lig Lig Lig    76    1.64    5.44   1.356                                     9999.0 9999.0 9999.0 Darrah----V2 WHuntngd--V2                                                
     77    78  1 Lig Lig Lig    77    0.38    1.24   1.264                                     9999.0 9999.0 9999.0 Turner----V2 Chemical--V2                                                
     77    80  1 Lig Lig Lig    77    1.70    4.85   4.720                                     9999.0 9999.0 9999.0 Turner----V2 CabinCrk--V2                                                
     77    80  2 Lig Lig Lig    77    2.94   10.50   2.280                                     9999.0 9999.0 9999.0 Turner----V2 CabinCrk--V2                                                
     77    82  1 Lig Lig Lig    77    2.98    8.53   8.174                                     9999.0 9999.0 9999.0 Turner----V2 Logan-----V2                                                
     78    79  1 Lig Lig Lig    78    0.55    2.44   0.648                                     9999.0 9999.0 9999.0 Chemical--V2 CapitlHl--V2                                                
     79    80  1 Lig Lig Lig    79    1.56    7.04   1.870                                     9999.0 9999.0 9999.0 CapitlHl--V2 CabinCrk--V2                                                
     80    96  1 Lig Lig Lig    80    3.56   18.20   4.940                                     9999.0 9999.0 9999.0 CabinCrk--V2 Baileysv--V2                                                
     80    97  1 Lig Lig Lig    80    1.83    9.34   2.540                                     9999.0 9999.0 9999.0 CabinCrk--V2 Sundial---V2                                                
     80    98  1 Lig Lig Lig    80    2.38   10.80   2.860                                     9999.0 9999.0 9999.0 CabinCrk--V2 Bradley---V2                                                
     80    99  1 Lig Lig Lig    80    4.54   20.60   5.460                                     9999.0 9999.0 9999.0 CabinCrk--V2 Hinton----V2                                                
     81    80  1 Lig Lig Lig    81    0.00    3.70   0.000  0.935                              9999.0 9999.0 9999.0 Kanawha---V1 CabinCrk--V2                                           1   1
     82    83  1 Lig Lig Lig    82    1.12    3.67   3.796                                     9999.0 9999.0 9999.0 Logan-----V2 Sprigg----V2                                                
     82    96  1 Lig Lig Lig    82    1.62    5.30   5.440                                     9999.0 9999.0 9999.0 Logan-----V2 Baileysv--V2                                                
     83    84  1 Lig Lig Lig    83    6.25   13.20   2.580                                     9999.0 9999.0 9999.0 Sprigg----V2 BetsyLne--V2                                                
     83    85  1 Lig Lig Lig    83    4.30   14.80   3.480                                     9999.0 9999.0 9999.0 Sprigg----V2 BeaverCk--V2                                                
     84    85  1 Lig Lig Lig    84    3.02    6.41   1.234                                     9999.0 9999.0 9999.0 BetsyLne--V2 BeaverCk--V2                                                
     85    86  1 Lig Lig Lig    85    3.50   12.30   2.760                                     9999.0 9999.0 9999.0 BeaverCk--V2 Hazard----V2                                                
     85    88  1 Lig Lig Lig    85    2.00   10.20   2.760                                     9999.0 9999.0 9999.0 BeaverCk--V2 Fremont---V2                                                
     85    89  1 Lig Lig Lig    85    2.39   17.30   4.700                                     9999.0 9999.0 9999.0 BeaverCk--V2 ClinchRv--V2                                                
     86    87  1 Lig Lig Lig    86    2.83   20.74   4.450                                     9999.0 9999.0 9999.0 Hazard----V2 Pinevlle--V3                                                
     88    89  1 Lig Lig Lig    88    1.39    7.12   1.934                                     9999.0 9999.0 9999.0 Fremont---V2 ClinchRv--V2                                                
     89    90  1 Lig Lig Lig    89    5.18   18.80   5.280                                     9999.0 9999.0 9999.0 ClinchRv--V2 Holston---V2                                                
     89    90  2 Lig Lig Lig    89    2.38    9.97  10.600                                     9999.0 9999.0 9999.0 ClinchRv--V2 Holston---V2                                                
     89    92  1 Lig Lig Lig    89    0.99    5.05   5.480                                     9999.0 9999.0 9999.0 ClinchRv--V2 Saltvlle--V2                                                
     89    92  2 Lig Lig Lig    89    3.93   15.81   4.140                                     9999.0 9999.0 9999.0 ClinchRv--V2 Saltvlle--V2                                                
     90    91  1 Lig Lig Lig    90    2.54    8.36   2.140                                     9999.0 9999.0 9999.0 Holston---V2 HolstonT--V2                                                
     91    92  1 Lig Lig Lig    91    3.87   12.72   3.268                                     9999.0 9999.0 9999.0 HolstonT--V2 Saltvlle--V2                                                
     92    93  1 Lig Lig Lig    92    2.58    8.48   2.180                                     9999.0 9999.0 9999.0 Saltvlle--V2 Tazewell--V2                                                
     92    94  1 Lig Lig Lig    92    4.81   15.80   4.060                                     9999.0 9999.0 9999.0 Saltvlle--V2 Switchbk--V2                                                
     92   100  1 Lig Lig Lig    92    6.48   29.50   4.720                                     9999.0 9999.0 9999.0 Saltvlle--V2 GlenLyn---V2                                                
     92   102  1 Lig Lig Lig    92    1.23    5.59   1.464                                     9999.0 9999.0 9999.0 Saltvlle--V2 Smythe----V2                                                
     93    94  1 Lig Lig Lig    93    2.23    7.32   1.876                                     9999.0 9999.0 9999.0 Tazewell--V2 Switchbk--V2                                                
     94    95  1 Lig Lig Lig    94    1.32    4.34   1.110                                     9999.0 9999.0 9999.0 Switchbk--V2 Caldwell--V2                                                
     94    96  1 Lig Lig Lig    94    2.69    8.69   2.300                                     9999.0 9999.0 9999.0 Switchbk--V2 Baileysv--V2                                                
     94   100  1 Lig Lig Lig    94    1.78    5.80   6.040                                     9999.0 9999.0 9999.0 Switchbk--V2 GlenLyn---V2                                                
     95    96  1 Lig Lig Lig    95    1.71    5.47   1.474                                     9999.0 9999.0 9999.0 Caldwell--V2 Baileysv--V2                                                
     96    97  1 Lig Lig Lig    96    1.73    8.85   2.400                                     9999.0 9999.0 9999.0 Baileysv--V2 Sundial---V2                                                
     98   100  1 Lig Lig Lig    98    3.97   17.90   4.760                                     9999.0 9999.0 9999.0 Bradley---V2 GlenLyn---V2                                                
     99   100  1 Lig Lig Lig    99    1.80    8.13   2.160                                     9999.0 9999.0 9999.0 Hinton----V2 GlenLyn---V2                                                
    100   101  1 Lig Lig Lig   100    2.77   12.62   3.280                                     9999.0 9999.0 9999.0 GlenLyn---V2 Wythe-----V2                                                
    100   103  1 Lig Lig Lig   100    1.60    5.25   5.360                                     9999.0 9999.0 9999.0 GlenLyn---V2 Claytor---V2                                                
    100   104  1 Lig Lig Lig   100    4.51   20.40   5.410                                     9999.0 9999.0 9999.0 GlenLyn---V2 Hancock---V2                                                
    100   106  1 Lig Lig Lig   100    6.05   22.90   6.200                                     9999.0 9999.0 9999.0 GlenLyn---V2 Cloverdl--V2                                                
    101   102  1 Lig Lig Lig   101    2.46   11.20   2.940                                     9999.0 9999.0 9999.0 Wythe-----V2 Smythe----V2                                                
    103   104  1 Lig Lig Lig   103    4.66   15.84   4.070                                     9999.0 9999.0 9999.0 Claytor---V2 Hancock---V2                                                
    103   105  1 Lig Lig Lig   103    5.35   16.25   4.080                                     9999.0 9999.0 9999.0 Claytor---V2 Roanoke---V2                                                
    103   110  1 Lig Lig Lig   103    3.91   18.13   4.610                                     9999.0 9999.0 9999.0 Claytor---V2 Fieldale--V2                                                
    104   105  1 Lig Lig Lig   104    0.99    3.78   0.986                                     9999.0 9999.0 9999.0 Hancock---V2 Roanoke---V2                                                
    105   106  1 Lig Lig Lig   105    1.40    5.47   1.434                                     9999.0 9999.0 9999.0 Roanoke---V2 Cloverdl--V2                                                
    105   107  1 Lig Lig Lig   105    5.30   18.30   4.720                                     9999.0 9999.0 9999.0 Roanoke---V2 Reusens---V2                                                
    105   108  1 Lig Lig Lig   105    2.61    7.03   1.844                                     9999.0 9999.0 9999.0 Roanoke---V2 Blaine----V2                                                
    106   107  1 Lig Lig Lig   106    5.30   18.30   4.720                                     9999.0 9999.0 9999.0 Cloverdl--V2 Reusens---V2                                                
    108   109  1 Lig Lig Lig   108    1.05    2.88   0.760                                     9999.0 9999.0 9999.0 Blaine----V2 Franklin--V2                                                
    109   110  1 Lig Lig Lig   109    2.78    7.62   2.020                                     9999.0 9999.0 9999.0 Franklin--V2 Fieldale--V2                                                
    110   111  1 Lig Lig Lig   110    2.20    7.55   2.000                                     9999.0 9999.0 9999.0 Fieldale--V2 DanRiver--V2                                                
    110   112  1 Lig Lig Lig   110    2.47    6.40   6.200                                     9999.0 9999.0 9999.0 Fieldale--V2 Danville--V2                                                
    114   115  1 Lig Lig Lig   114    0.23    1.04   0.276                                     9999.0 9999.0 9999.0 WMedford--V2 Medford---V2                                                
