CEPEL - CENTRO DE PESQUISAS DE ENERGIA ELETRICA - PROGRAMA DE ANALISE DE REDES - V12.00.01                                 PAG.   1

 IEEE 57 Bus Test Case - Winter 1961                                             
 RELATORIO DE DADOS DE BARRA CA

 X------------------X-------------X----------------------------X-------X-----------------------X---------------X-------X---X---X---------------------------------------X
      BARRA            BARRA              TENSAO          GRUPO  GER MW         GER Mvar             CARGA       SHUNT      BMP AG1 AG2 AG3 AG4 AG5 AG6 AG7 AG8 AG9 A10
  NUM.      NOME     TP ARE CONTR   MOD   ANG   ESPEC CNT B  L   ATUAL     MIN   ATUAL     MAX      MW    Mvar    Mvar  EST TIP GRP GRP GRP GRP GRP GRP GRP GRP GRP GRP
 X-----X------------X--X---X------X-----X------X-----X---X--X--X-------X-------X-------X-------X-------X-------X-------X---X---X---X---X---X---X---X---X---X---X---X---X

      1 Kanawha---V1  2   1      1 1.040    0.0 1.040 LOC  0  0   128.9 -9999.0   -16.1 99999.0    55.0    17.0     0.0 LIG                                            
      2 Turner----V1  1   1      2 1.010   -1.1 1.010 LOC  0  0     0.0   -17.0    -0.8    50.0     3.0    88.0     0.0 LIG                                            
      3 Logan-----V1  1   1      3 0.985   -5.9 0.985 LOC  0  0    40.0   -10.0    -1.0    60.0    41.0    21.0     0.0 LIG                                            
      4 Sprigg----V1  0   1      0 0.981   -7.3            0  0     0.0     0.0     0.0     0.0     0.0     0.0     0.0 LIG                                            
      5 Barra-5---V1  0   1      0 0.976   -8.5            0  0     0.0     0.0     0.0     0.0    13.0     4.0     0.0 LIG                                            
      6 Beaver-Ck-V1  1   1      6 0.980   -8.6 0.980 LOC  0  0     0.0    -8.0     0.8    25.0    75.0     2.0     0.0 LIG                                            
      7 Barra-7---V1  0   1      0 0.984   -7.5            0  0     0.0     0.0     0.0     0.0     0.0     0.0     0.0 LIG                                            
      8 Clinch-Rv-V1  1   1      8 1.005   -4.4 1.005 LOC  0  0   450.0  -140.0    62.1   200.0   150.0    22.0     0.0 LIG                                            
      9 Saltville-V1  1   1      9 0.980   -9.5 0.980 LOC  0  0     0.0    -3.0     2.2     9.0   121.0    26.0     0.0 LIG                                            
     10 Barra-10--V1  0   1      0 0.986  -11.0            0  0     0.0     0.0     0.0     0.0     5.0     2.0     0.0 LIG                                            
     11 Tazewell--V1  0   1      0 0.974  -10.0            0  0     0.0     0.0     0.0     0.0     0.0     0.0     0.0 LIG                                            
     12 Glen-Lyn--V1  1   1     12 1.015  -10.0 1.015 LOC  0  0   310.0  -150.0   128.5   155.0   377.0    24.0     0.0 LIG                                            
     13 Barra-13--V1  0   1      0 0.979   -9.7            0  0     0.0     0.0     0.0     0.0    18.0     2.3     0.0 LIG                                            
     14 Barra-14--V1  0   1      0 0.970   -9.3            0  0     0.0     0.0     0.0     0.0    10.5     5.3     0.0 LIG                                            
     15 Barra-15--V1  0   1      0 0.988   -7.1            0  0     0.0     0.0     0.0     0.0    22.0     5.0     0.0 LIG                                            
     16 Barra-16--V1  0   1      0 1.013   -8.8            0  0     0.0     0.0     0.0     0.0    43.0     3.0     0.0 LIG                                            
     17 Barra-17--V1  0   1      0 1.017   -5.3            0  0     0.0     0.0     0.0     0.0    42.0     8.0     0.0 LIG                                            
     18 Sprigg----V2  0   1      0 1.001  -11.0            0  0     0.0     0.0     0.0     0.0    27.2     9.8    10.0 LIG                                            
     19 Barra-19--V2  0   1      0 0.970  -13.0            0  0     0.0     0.0     0.0     0.0     3.3     0.6     0.0 LIG                                            
     20 Barra-20--V2  0   1      0 0.964  -13.0            0  0     0.0     0.0     0.0     0.0     2.3     1.0     0.0 LIG                                            
     21 Barra-21--V3  0   1      0 1.008  -12.0            0  0     0.0     0.0     0.0     0.0     0.0     0.0     0.0 LIG                                            
     22 Barra-22--V3  0   1      0 1.010  -12.0            0  0     0.0     0.0     0.0     0.0     0.0     0.0     0.0 LIG                                            
     23 Barra-23--V3  0   1      0 1.008  -12.0            0  0     0.0     0.0     0.0     0.0     6.3     2.1     0.0 LIG                                            
     24 Barra-24--V3  0   1      0 0.999  -13.0            0  0     0.0     0.0     0.0     0.0     0.0     0.0     0.0 LIG                                            
     25 Barra-25--V4  0   1      0 0.982  -18.0            0  0     0.0     0.0     0.0     0.0     6.3     3.2     5.9 LIG                                            
     26 Barra-26--V5  0   1      0 0.959  -12.0            0  0     0.0     0.0     0.0     0.0     0.0     0.0     0.0 LIG                                            
     27 Barra-27--V5  0   1      0 0.982  -11.0            0  0     0.0     0.0     0.0     0.0     9.3     0.5     0.0 LIG                                            
     28 Barra-28--V5  0   1      0 0.997  -10.0            0  0     0.0     0.0     0.0     0.0     4.6     2.3     0.0 LIG                                            
     29 Barra-29--V5  0   1      0 1.010   -9.7            0  0     0.0     0.0     0.0     0.0    17.0     2.6     0.0 LIG                                            
     30 Barra-30--V4  0   1      0 0.962  -18.0            0  0     0.0     0.0     0.0     0.0     3.6     1.8     0.0 LIG                                            
     31 Barra-31--V4  0   1      0 0.936  -19.0            0  0     0.0     0.0     0.0     0.0     5.8     2.9     0.0 LIG                                            
     32 Barra-32--V4  0   1      0 0.949  -18.0            0  0     0.0     0.0     0.0     0.0     1.6     0.8     0.0 LIG                                            
     33 Barra-33--V4  0   1      0 0.947  -18.0            0  0     0.0     0.0     0.0     0.0     3.8     1.9     0.0 LIG                                            
     34 Barra-34--V3  0   1      0 0.959  -14.0            0  0     0.0     0.0     0.0     0.0     0.0     0.0     0.0 LIG                                            
     35 Barra-35--V3  0   1      0 0.966  -13.0            0  0     0.0     0.0     0.0     0.0     6.0     3.0     0.0 LIG                                            
     36 Barra-36--V3  0   1      0 0.976  -13.0            0  0     0.0     0.0     0.0     0.0     0.0     0.0     0.0 LIG                                            
     37 Barra-37--V3  0   1      0 0.985  -13.0            0  0     0.0     0.0     0.0     0.0     0.0     0.0     0.0 LIG                                            
     38 Barra-38--V3  0   1      0 1.013  -12.0            0  0     0.0     0.0     0.0     0.0    14.0     7.0     0.0 LIG                                            
     39 Barra-39--V3  0   1      0 0.983  -13.0            0  0     0.0     0.0     0.0     0.0     0.0     0.0     0.0 LIG                                            
     40 Barra-40--V3  0   1      0 0.973  -13.0            0  0     0.0     0.0     0.0     0.0     0.0     0.0     0.0 LIG                                            
     41 Tazewell--V6  0   1      0 0.996  -14.0            0  0     0.0     0.0     0.0     0.0     6.3     3.0     0.0 LIG                                            
     42 Barra-42--V6  0   1      0 0.966  -15.0            0  0     0.0     0.0     0.0     0.0     7.1     4.4     0.0 LIG                                            
     43 Tazewell--V7  0   1      0 1.010  -11.0            0  0     0.0     0.0     0.0     0.0     2.0     1.0     0.0 LIG                                            
     44 Barra-44--V3  0   1      0 1.017  -11.0            0  0     0.0     0.0     0.0     0.0    12.0     1.8     0.0 LIG                                            
     45 Barra-45--V3  0   1      0 1.036   -9.2            0  0     0.0     0.0     0.0     0.0     0.0     0.0     0.0 LIG                                            
     46 Barra-46--V3  0   1      0 1.050  -11.0            0  0     0.0     0.0     0.0     0.0     0.0     0.0     0.0 LIG                                            
     47 Barra-47--V3  0   1      0 1.033  -12.0            0  0     0.0     0.0     0.0     0.0    29.7    11.6     0.0 LIG                                            
     48 Barra-48--V3  0   1      0 1.027  -12.0            0  0     0.0     0.0     0.0     0.0     0.0     0.0     0.0 LIG                                            
     49 Barra-49--V3  0   1      0 1.036  -12.0            0  0     0.0     0.0     0.0     0.0    18.0     8.5     0.0 LIG                                            
     50 Barra-50--V3  0   1      0 1.023  -13.0            0  0     0.0     0.0     0.0     0.0    21.0    10.5     0.0 LIG                                            
     51 Barra-51--V3  0   1      0 1.052  -12.0            0  0     0.0     0.0     0.0     0.0    18.0     5.3     0.0 LIG                                            
     52 Barra-52--V5  0   1      0 0.980  -11.0            0  0     0.0     0.0     0.0     0.0     4.9     2.2     0.0 LIG                                            
     53 Barra-53--V5  0   1      0 0.971  -12.0            0  0     0.0     0.0     0.0     0.0    20.0    10.0     6.3 LIG                                            
     54 Barra-54--V5  0   1      0 0.996  -11.0            0  0     0.0     0.0     0.0     0.0     4.1     1.4     0.0 LIG                                            
     55 Saltville-V5  0   1      0 1.031  -10.0            0  0     0.0     0.0     0.0     0.0     6.8     3.4     0.0 LIG                                            
     56 Barra-56--V6  0   1      0 0.968  -16.0            0  0     0.0     0.0     0.0     0.0     7.6     2.2     0.0 LIG                                            
     57 Barra-57--V6  0   1      0 0.965  -16.0            0  0     0.0     0.0     0.0     0.0     6.7     2.0     0.0 LIG                                            
CEPEL - CENTRO DE PESQUISAS DE ENERGIA ELETRICA - PROGRAMA DE ANALISE DE REDES - V12.00.01                                 PAG.   4

 IEEE 57 Bus Test Case - Winter 1961                                             
 RELATORIO DE DADOS DE CIRCUITO CA

 X--------------X-----------X-----X-----------------------X-----------------------------------X--------------------X-------------------------X---------------------------------------X-------X
     BARRA          ESTADO   BARRA  RESIST  REATAN  SUSCEP         T A P         ANG  BARRA           (MVA)               IDENTIFICACAO       AG1 AG2 AG3 AG4 AG5 AG6 AG7 AG8 AG9 A10 Unidade
   DE   PARA  NC CIR DE PARA PROP.   (%)     (%)   (Mvar)   ATUAL   MIN    MAX  DEFAS CONTR. M NORMAL EMERG. EQUIP.   DA BARRA    PARA BARRA  GRP GRP GRP GRP GRP GRP GRP GRP GRP GRP Max Ope
 X-----X-----X--X---X---X---X-----X-------X-------X-------X------X------X------X-----X------X-X------X------X------X------------X------------X---X---X---X---X---X---X---X---X---X---X---X---X

      1     2  1 Lig Lig Lig     1    0.83    2.80  12.900                                     9999.0 9999.0 9999.0 Kanawha---V1 Turner----V1                                                
      1    15  1 Lig Lig Lig     1    1.78    9.10   9.880                                     9999.0 9999.0 9999.0 Kanawha---V1 Barra-15--V1                                                
      1    16  1 Lig Lig Lig     1    4.54   20.60   5.460                                     9999.0 9999.0 9999.0 Kanawha---V1 Barra-16--V1                                                
      1    17  1 Lig Lig Lig     1    2.38   10.80   2.860                                     9999.0 9999.0 9999.0 Kanawha---V1 Barra-17--V1                                                
      2     3  1 Lig Lig Lig     2    2.98    8.50   8.180                                     9999.0 9999.0 9999.0 Turner----V1 Logan-----V1                                                
      3     4  1 Lig Lig Lig     3    1.12    3.66   3.800                                     9999.0 9999.0 9999.0 Logan-----V1 Sprigg----V1                                                
      3    15  1 Lig Lig Lig     3    1.62    5.30   5.440                                     9999.0 9999.0 9999.0 Logan-----V1 Barra-15--V1                                                
      4     5  1 Lig Lig Lig     4    6.25   13.20   2.580                                     9999.0 9999.0 9999.0 Sprigg----V1 Barra-5---V1                                                
      4     6  1 Lig Lig Lig     4    4.30   14.80   3.480                                     9999.0 9999.0 9999.0 Sprigg----V1 Beaver-Ck-V1                                                
      4    18  1 Lig Lig Lig     4    0.00   55.50   0.000  0.970                              9999.0 9999.0 9999.0 Sprigg----V1 Sprigg----V2                                           1   1
      4    18  2 Lig Lig Lig     4    0.00   43.00   0.000  0.978                              9999.0 9999.0 9999.0 Sprigg----V1 Sprigg----V2                                           1   1
      5     6  1 Lig Lig Lig     5    3.02    6.41   1.240                                     9999.0 9999.0 9999.0 Barra-5---V1 Beaver-Ck-V1                                                
      6     7  1 Lig Lig Lig     6    2.00   10.20   2.760                                     9999.0 9999.0 9999.0 Beaver-Ck-V1 Barra-7---V1                                                
      6     8  1 Lig Lig Lig     6    3.39   17.30   4.700                                     9999.0 9999.0 9999.0 Beaver-Ck-V1 Clinch-Rv-V1                                                
      7     8  1 Lig Lig Lig     7    1.39    7.12   1.940                                     9999.0 9999.0 9999.0 Barra-7---V1 Clinch-Rv-V1                                                
      7    29  1 Lig Lig Lig     7    0.00    6.48   0.000  0.967                              9999.0 9999.0 9999.0 Barra-7---V1 Barra-29--V5                                           1   1
      8     9  1 Lig Lig Lig     8    0.99    5.05   5.480                                     9999.0 9999.0 9999.0 Clinch-Rv-V1 Saltville-V1                                                
      9    10  1 Lig Lig Lig     9    3.69   16.79   4.400                                     9999.0 9999.0 9999.0 Saltville-V1 Barra-10--V1                                                
      9    11  1 Lig Lig Lig     9    2.58    8.48   2.180                                     9999.0 9999.0 9999.0 Saltville-V1 Tazewell--V1                                                
      9    12  1 Lig Lig Lig     9    6.48   29.50   7.720                                     9999.0 9999.0 9999.0 Saltville-V1 Glen-Lyn--V1                                                
      9    13  1 Lig Lig Lig     9    4.81   15.80   4.060                                     9999.0 9999.0 9999.0 Saltville-V1 Barra-13--V1                                                
      9    55  1 Lig Lig Lig     9    0.00   12.05   0.000  0.940                              9999.0 9999.0 9999.0 Saltville-V1 Saltville-V5                                           1   1
     10    12  1 Lig Lig Lig    10    2.77   12.62   3.280                                     9999.0 9999.0 9999.0 Barra-10--V1 Glen-Lyn--V1                                                
     10    51  1 Lig Lig Lig    10    0.00    7.12   0.000  0.930                              9999.0 9999.0 9999.0 Barra-10--V1 Barra-51--V3                                           1   1
     11    13  1 Lig Lig Lig    11    2.23    7.32   1.880                                     9999.0 9999.0 9999.0 Tazewell--V1 Barra-13--V1                                                
     11    41  1 Lig Lig Lig    11    0.00   74.90   0.000  0.955                              9999.0 9999.0 9999.0 Tazewell--V1 Tazewell--V6                                           1   1
     11    43  1 Lig Lig Lig    11    0.00   15.30   0.000  0.958                              9999.0 9999.0 9999.0 Tazewell--V1 Tazewell--V7                                           1   1
     12    13  1 Lig Lig Lig    12    1.78    5.80   6.040                                     9999.0 9999.0 9999.0 Glen-Lyn--V1 Barra-13--V1                                                
     12    16  1 Lig Lig Lig    12    1.80    8.13   2.160                                     9999.0 9999.0 9999.0 Glen-Lyn--V1 Barra-16--V1                                                
     12    17  1 Lig Lig Lig    12    3.97   17.90   4.760                                     9999.0 9999.0 9999.0 Glen-Lyn--V1 Barra-17--V1                                                
     13    14  1 Lig Lig Lig    13    1.32    4.34   1.100                                     9999.0 9999.0 9999.0 Barra-13--V1 Barra-14--V1                                                
     13    15  1 Lig Lig Lig    13    2.69    8.69   2.300                                     9999.0 9999.0 9999.0 Barra-13--V1 Barra-15--V1                                                
     13    49  1 Lig Lig Lig    13    0.00   19.10   0.000  0.895                              9999.0 9999.0 9999.0 Barra-13--V1 Barra-49--V3                                           1   1
     14    15  1 Lig Lig Lig    14    1.71    5.47   1.480                                     9999.0 9999.0 9999.0 Barra-14--V1 Barra-15--V1                                                
     14    46  1 Lig Lig Lig    14    0.00    7.35   0.000  0.900                              9999.0 9999.0 9999.0 Barra-14--V1 Barra-46--V3                                           1   1
     15    45  1 Lig Lig Lig    15    0.00   10.42   0.000  0.955                              9999.0 9999.0 9999.0 Barra-15--V1 Barra-45--V3                                           1   1
     18    19  1 Lig Lig Lig    18   46.10   68.50   0.000                                     9999.0 9999.0 9999.0 Sprigg----V2 Barra-19--V2                                                
     19    20  1 Lig Lig Lig    19   28.30   43.40   0.000                                     9999.0 9999.0 9999.0 Barra-19--V2 Barra-20--V2                                                
     21    20  1 Lig Lig Lig    21    0.00   77.67   0.000  1.043                              9999.0 9999.0 9999.0 Barra-21--V3 Barra-20--V2                                           1   1
     21    22  1 Lig Lig Lig    21    7.36   11.70   0.000                                     9999.0 9999.0 9999.0 Barra-21--V3 Barra-22--V3                                                
     22    23  1 Lig Lig Lig    22    0.99    1.52   0.000                                     9999.0 9999.0 9999.0 Barra-22--V3 Barra-23--V3                                                
     22    38  1 Lig Lig Lig    22    1.92    2.95   0.000                                     9999.0 9999.0 9999.0 Barra-22--V3 Barra-38--V3                                                
     23    24  1 Lig Lig Lig    23   16.60   25.60   0.840                                     9999.0 9999.0 9999.0 Barra-23--V3 Barra-24--V3                                                
     24    25  1 Lig Lig Lig    24    0.00  118.20   0.000  1.000                              9999.0 9999.0 9999.0 Barra-24--V3 Barra-25--V4                                           1   1
     24    25  2 Lig Lig Lig    24    0.00  123.00   0.000  1.000                              9999.0 9999.0 9999.0 Barra-24--V3 Barra-25--V4                                           1   1
     24    26  1 Lig Lig Lig    24    0.00    4.73   0.000  1.043                              9999.0 9999.0 9999.0 Barra-24--V3 Barra-26--V5                                           1   1
     25    30  1 Lig Lig Lig    25   13.50   20.20   0.000                                     9999.0 9999.0 9999.0 Barra-25--V4 Barra-30--V4                                                
     26    27  1 Lig Lig Lig    26   16.50   25.40   0.000                                     9999.0 9999.0 9999.0 Barra-26--V5 Barra-27--V5                                                
     27    28  1 Lig Lig Lig    27    6.18    9.54   0.000                                     9999.0 9999.0 9999.0 Barra-27--V5 Barra-28--V5                                                
     28    29  1 Lig Lig Lig    28    4.18    5.87   0.000                                     9999.0 9999.0 9999.0 Barra-28--V5 Barra-29--V5                                                
     29    52  1 Lig Lig Lig    29   14.42   18.70   0.000                                     9999.0 9999.0 9999.0 Barra-29--V5 Barra-52--V5                                                
     30    31  1 Lig Lig Lig    30   32.60   49.70   0.000                                     9999.0 9999.0 9999.0 Barra-30--V4 Barra-31--V4                                                
     31    32  1 Lig Lig Lig    31   50.70   75.50   0.000                                     9999.0 9999.0 9999.0 Barra-31--V4 Barra-32--V4                                                
     32    33  1 Lig Lig Lig    32    3.92    3.60   0.000                                     9999.0 9999.0 9999.0 Barra-32--V4 Barra-33--V4                                                
     34    32  1 Lig Lig Lig    34    0.00   95.30   0.000  0.975                              9999.0 9999.0 9999.0 Barra-34--V3 Barra-32--V4                                           1   1
     34    35  1 Lig Lig Lig    34    5.20    7.80   0.320                                     9999.0 9999.0 9999.0 Barra-34--V3 Barra-35--V3                                                
     35    36  1 Lig Lig Lig    35    4.30    5.37   0.160                                     9999.0 9999.0 9999.0 Barra-35--V3 Barra-36--V3                                                
     36    37  1 Lig Lig Lig    36    2.90    3.66   0.000                                     9999.0 9999.0 9999.0 Barra-36--V3 Barra-37--V3                                                
     36    40  1 Lig Lig Lig    36    3.00    4.66   0.000                                     9999.0 9999.0 9999.0 Barra-36--V3 Barra-40--V3                                                
     37    38  1 Lig Lig Lig    37    6.51   10.09   0.200                                     9999.0 9999.0 9999.0 Barra-37--V3 Barra-38--V3                                                
     37    39  1 Lig Lig Lig    37    2.39    3.79   0.000                                     9999.0 9999.0 9999.0 Barra-37--V3 Barra-39--V3                                                
     38    44  1 Lig Lig Lig    38    2.89    5.85   0.200                                     9999.0 9999.0 9999.0 Barra-38--V3 Barra-44--V3                                                
     38    48  1 Lig Lig Lig    38    3.12    4.82   0.000                                     9999.0 9999.0 9999.0 Barra-38--V3 Barra-48--V3                                                
     38    49  1 Lig Lig Lig    38   11.50   17.70   0.300                                     9999.0 9999.0 9999.0 Barra-38--V3 Barra-49--V3                                                
     39    57  1 Lig Lig Lig    39    0.00  135.50   0.000  0.980                              9999.0 9999.0 9999.0 Barra-39--V3 Barra-57--V6                                           1   1
     40    56  1 Lig Lig Lig    40    0.00  119.50   0.000  0.958                              9999.0 9999.0 9999.0 Barra-40--V3 Barra-56--V6                                           1   1
     41    42  1 Lig Lig Lig    41   20.70   35.20   0.000                                     9999.0 9999.0 9999.0 Tazewell--V6 Barra-42--V6                                                
     41    43  1 Lig Lig Lig    41    0.00   41.20   0.000                                     9999.0 9999.0 9999.0 Tazewell--V6 Tazewell--V7                                                
     44    45  1 Lig Lig Lig    44    6.24   12.42   0.400                                     9999.0 9999.0 9999.0 Barra-44--V3 Barra-45--V3                                                
     46    47  1 Lig Lig Lig    46    2.30    6.80   0.320                                     9999.0 9999.0 9999.0 Barra-46--V3 Barra-47--V3                                                
     47    48  1 Lig Lig Lig    47    1.82    2.33   0.000                                     9999.0 9999.0 9999.0 Barra-47--V3 Barra-48--V3                                                
     48    49  1 Lig Lig Lig    48    8.34   12.90   0.480                                     9999.0 9999.0 9999.0 Barra-48--V3 Barra-49--V3                                                
     49    50  1 Lig Lig Lig    49    8.01   12.80   0.000                                     9999.0 9999.0 9999.0 Barra-49--V3 Barra-50--V3                                                
     50    51  1 Lig Lig Lig    50   13.86   22.00   0.000                                     9999.0 9999.0 9999.0 Barra-50--V3 Barra-51--V3                                                
     52    53  1 Lig Lig Lig    52    7.62    9.84   0.000                                     9999.0 9999.0 9999.0 Barra-52--V5 Barra-53--V5                                                
     53    54  1 Lig Lig Lig    53   18.78   23.20   0.000                                     9999.0 9999.0 9999.0 Barra-53--V5 Barra-54--V5                                                
     54    55  1 Lig Lig Lig    54   17.32   22.65   0.000                                     9999.0 9999.0 9999.0 Barra-54--V5 Saltville-V5                                                
     56    41  1 Lig Lig Lig    56   55.30   54.90   0.000                                     9999.0 9999.0 9999.0 Barra-56--V6 Tazewell--V6                                                
     56    42  1 Lig Lig Lig    56   21.25   35.40   0.000                                     9999.0 9999.0 9999.0 Barra-56--V6 Barra-42--V6                                                
     57    56  1 Lig Lig Lig    57   17.40   26.00   0.000                                     9999.0 9999.0 9999.0 Barra-57--V6 Barra-56--V6                                                
